CYS -2.57 -0.44 -0.41 -0.3 -0.39 -0.41 -0.41 -0.14 0.14 -0.14 0.01 -0.03 0.56 0.17 0.22 0.74 0.68 0.77 1.03 0.92 1.92 
PHE -0.44 -0.82 -0.67 -0.39 -0.54 -0.66 -0.72 0.09 -0.08 -0.28 0.08 -0.14 0.48 0.28 0.33 0.4 0.35 0.89 0.76 0.74 1.4 
LEU -0.41 -0.67 -0.66 -0.32 -0.52 -0.68 -0.56 0.27 -0.15 -0.42 0.22 0.16 0.55 0.25 0.31 0.43 0.31 0.87 1.03 0.69 0.94 
TRP -0.3 -0.39 -0.32 -0.48 -0.26 -0.28 -0.35 -0.27 -0.1 -0.11 -0.07 -0.52 0.12 0.18 0.12 -0.12 -0.11 0.48 0.29 0.3 1.02 
VAL -0.39 -0.54 -0.52 -0.26 -0.6 -0.67 -0.44 0.3 -0.05 -0.42 -0.05 0.14 0.43 0.09 0.18 0.52 0.37 0.74 0.95 0.69 0.94 
ILE -0.41 -0.66 -0.68 -0.28 -0.67 -0.78 -0.54 0.37 -0.14 -0.41 0.16 0.19 0.57 0.21 0.28 0.52 0.44 0.82 0.96 0.68 1.32 
MET -0.41 -0.72 -0.56 -0.35 -0.44 -0.54 -0.93 -0.01 -0.13 -0.19 0.22 -0.03 0.51 0.23 0.32 0.37 0.32 1.03 0.76 0.74 0.68 
HIS -0.14 0.09 0.27 -0.27 0.3 0.37 -0.01 -0.66 -0.38 0.4 0.19 0.17 0.23 0.01 -0.06 0.31 0.23 -0.12 0.57 -0.05 -0.6 
TYR 0.14 -0.08 -0.15 -0.1 -0.05 -0.14 -0.13 -0.38 -0.07 0.04 -0.01 -0.44 0.05 0.14 0.23 -0.11 0.02 0.04 -0.11 -0.02 0.46 
ALA -0.14 -0.28 -0.42 -0.11 -0.42 -0.41 -0.19 0.4 0.04 -0.36 -0.01 0.2 0.4 0.08 0.15 0.5 0.44 0.5 0.95 0.78 -0.02 
GLY 0.01 0.08 0.22 -0.07 -0.05 0.16 0.22 0.19 -0.01 -0.01 -0.24 0.21 0.15 -0.08 0.06 0.31 0.37 0.32 0.46 0.7 -0.72 
PRO -0.03 -0.14 0.16 -0.52 0.14 0.19 -0.03 0.17 -0.44 0.2 0.21 0.16 0.33 0.26 0.28 0.36 0.33 0.7 0.78 0.61 -1.02 
ASN 0.56 0.48 0.55 0.12 0.43 0.57 0.51 0.23 0.05 0.4 0.15 0.33 -0.14 0.02 0.06 0.37 0.07 0.06 0.32 0.31 -1.2 
THR 0.17 0.28 0.25 0.18 0.09 0.21 0.23 0.01 0.14 0.08 -0.08 0.26 0.02 -0.2 -0.08 0.35 0.05 -0.03 0.43 0.15 -0.62 
SER 0.22 0.33 0.31 0.12 0.18 0.28 0.32 -0.06 0.23 0.15 0.06 0.28 0.06 -0.08 -0.1 0.33 0.16 -0.1 0.4 0.2 -0.82 
ARG 0.74 0.4 0.43 -0.12 0.52 0.52 0.37 0.31 -0.11 0.5 0.31 0.36 0.37 0.35 0.33 0.44 0.27 -0.47 0.88 -0.54 -1.06 
GLN 0.68 0.35 0.31 -0.11 0.37 0.44 0.32 0.23 0.02 0.44 0.37 0.33 0.07 0.05 0.16 0.27 0.03 0.25 0.22 0.33 -1.2 
ASP 0.77 0.89 0.87 0.48 0.74 0.82 1.03 -0.12 0.04 0.5 0.32 0.7 0.06 -0.03 -0.1 -0.47 0.25 0.64 -0.33 0.98 -1.34 
LYS 1.03 0.76 1.03 0.29 0.95 0.96 0.76 0.57 -0.11 0.95 0.46 0.78 0.32 0.43 0.4 0.88 0.22 -0.33 0.69 -0.47 -1.6 
GLU 0.92 0.74 0.69 0.3 0.69 0.68 0.74 -0.05 -0.02 0.78 0.7 0.61 0.31 0.15 0.2 -0.54 0.33 0.98 -0.47 1.06 -1.48 
HOH 1.92 1.4 0.94 1.02 0.94 1.32 0.68 -0.6 0.46 -0.02 -0.72 -1.02 -1.2 -0.62 -0.82 -1.06 -1.2 -1.34 -1.6 -1.48 0.0 
