CYS -2.66 -0.6 -0.49 -0.37 -0.4 -0.45 -0.44 -0.31 0.08 -0.22 0.02 -0.06 0.5 0.13 0.12 0.65 0.53 0.73 0.96 0.76 0.91 
PHE -0.6 -0.97 -0.75 -0.48 -0.59 -0.73 -0.94 -0.02 -0.16 -0.32 0.05 -0.14 0.45 0.24 0.3 0.31 0.26 0.88 0.78 0.65 0.69 
LEU -0.49 -0.75 -0.68 -0.35 -0.46 -0.66 -0.61 0.25 -0.17 -0.45 0.29 0.2 0.55 0.3 0.33 0.4 0.35 0.84 1.1 0.68 0.49 
TRP -0.37 -0.48 -0.35 -0.57 -0.26 -0.3 -0.47 -0.46 -0.14 -0.16 -0.03 -0.55 0.06 0.13 0.14 -0.14 -0.17 0.35 0.27 0.2 0.51 
VAL -0.4 -0.59 -0.46 -0.26 -0.49 -0.61 -0.49 0.3 -0.02 -0.37 0.06 0.25 0.42 0.12 0.22 0.57 0.41 0.76 1.05 0.72 0.55 
ILE -0.45 -0.73 -0.66 -0.3 -0.61 -0.79 -0.59 0.4 -0.14 -0.4 0.25 0.26 0.6 0.28 0.36 0.5 0.51 0.83 1.07 0.69 0.7 
MET -0.44 -0.94 -0.61 -0.47 -0.49 -0.59 -0.95 -0.12 -0.27 -0.28 0.15 -0.02 0.48 0.2 0.27 0.38 0.35 0.98 0.78 0.73 0.27 
HIS -0.31 -0.02 0.25 -0.46 0.3 0.4 -0.12 -0.66 -0.49 0.42 0.25 0.17 0.18 0.06 -0.05 0.24 0.24 -0.18 0.6 -0.14 -0.26 
TYR 0.08 -0.16 -0.17 -0.14 -0.02 -0.14 -0.27 -0.49 -0.09 -0.0 -0.03 -0.42 -0.03 0.13 0.21 -0.15 -0.08 -0.04 -0.11 -0.09 0.21 
ALA -0.22 -0.32 -0.45 -0.16 -0.37 -0.4 -0.28 0.42 -0.0 -0.34 0.0 0.21 0.39 0.1 0.18 0.49 0.43 0.46 1.01 0.77 0.01 
GLY 0.02 0.05 0.29 -0.03 0.06 0.25 0.15 0.25 -0.03 0.0 -0.18 0.27 0.18 0.0 0.11 0.3 0.34 0.35 0.5 0.74 -0.3 
PRO -0.06 -0.14 0.2 -0.55 0.25 0.26 -0.02 0.17 -0.42 0.21 0.27 0.29 0.28 0.31 0.35 0.31 0.34 0.73 0.82 0.62 -0.47 
ASN 0.5 0.45 0.55 0.06 0.42 0.6 0.48 0.18 -0.03 0.39 0.18 0.28 -0.15 0.02 0.06 0.38 0.02 0.06 0.35 0.29 -0.6 
THR 0.13 0.24 0.3 0.13 0.12 0.28 0.2 0.06 0.13 0.1 0.0 0.31 0.02 -0.13 -0.03 0.31 0.06 -0.06 0.54 0.16 -0.27 
SER 0.12 0.3 0.33 0.14 0.22 0.36 0.27 -0.05 0.21 0.18 0.11 0.35 0.06 -0.03 -0.1 0.34 0.16 -0.13 0.48 0.17 -0.42 
ARG 0.65 0.31 0.4 -0.14 0.57 0.5 0.38 0.24 -0.15 0.49 0.3 0.31 0.38 0.31 0.34 0.43 0.23 -0.54 0.94 -0.6 -0.57 
GLN 0.53 0.26 0.35 -0.17 0.41 0.51 0.35 0.24 -0.08 0.43 0.34 0.34 0.02 0.06 0.16 0.23 0.06 0.2 0.27 0.35 -0.61 
ASP 0.73 0.88 0.84 0.35 0.76 0.83 0.98 -0.18 -0.04 0.46 0.35 0.73 0.06 -0.06 -0.13 -0.54 0.2 0.7 -0.33 1.03 -0.7 
LYS 0.96 0.78 1.1 0.27 1.05 1.07 0.78 0.6 -0.11 1.01 0.5 0.82 0.35 0.54 0.48 0.94 0.27 -0.33 0.76 -0.45 -0.78 
GLU 0.76 0.65 0.68 0.2 0.72 0.69 0.73 -0.14 -0.09 0.77 0.74 0.62 0.29 0.16 0.17 -0.6 0.35 1.03 -0.45 1.02 -0.78 
HOH 0.91 0.69 0.49 0.51 0.55 0.7 0.27 -0.26 0.21 0.01 -0.3 -0.47 -0.6 -0.27 -0.42 -0.57 -0.61 -0.7 -0.78 -0.78 0.0 
